format long
rand

ans =

   0.814723686393179

open randquartic_devel.m
Error: <a href="matlab: opentoline('/home/phil/Dropbox/Università/AA201718/Fisica computazionale/Code/Labs/120418/randquartic_devel.m',17,1)">File: randquartic_devel.m Line: 17 Column: 1
</a>At least one END is missing: the statement may begin here.

tic;x=randquartic(1e4);toc
Elapsed time is 0.004497 seconds.
tic;[x,R]=randquartic(1e4);toc
Elapsed time is 0.003109 seconds.
R

R =

        1626

tic;[x,R]=randquartic(1e6);toc
Elapsed time is 0.268675 seconds.
R

R =

      166223

tic;[x,R]=randquartic(1e4);toc
Elapsed time is 0.006218 seconds.
R

R =

   0.141114832946835

tic;[x,R]=randquartic(1e6);toc
Elapsed time is 0.325909 seconds.
R

R =

   0.142369273492435

c=histcount(x)M
 c=histcount(x)M
               ↑
{Error: Unexpected MATLAB expression.
} 
c = histcounts(x);
hold
[Warning: MATLAB has disabled some advanced graphics rendering features by switching to
software OpenGL. For more information, click <a href="matlab:opengl('problems')">here</a>.] 
Current plot held
histogram(x)
c= histocounts(x)
{Undefined function or variable 'histocounts'.
} 
c= histcounts(x)

c =

  Columns 1 through 7

           1           0           0           1           0           3           1

  Columns 8 through 14

           1           2           3           6           4          11           6

  Columns 15 through 21

          16          13          14          22          25          34          37

  Columns 22 through 28

          48          67          70          92         116         141         164

  Columns 29 through 35

         189         249         265         340         371         463         538

  Columns 36 through 42

         594         724         818         927        1009        1171        1270

  Columns 43 through 49

        1441        1616        1757        2049        2093        2441        2727

  Columns 50 through 56

        2864        3021        3366        3637        3798        4130        4562

  Columns 57 through 63

        4671        4983        5437        5646        5924        6236        6687

  Columns 64 through 70

        6943        7278        7532        7819        8341        8524        8950

  Columns 71 through 77

        9175        9561        9726       10053       10336       10824       10898

  Columns 78 through 84

       11134       11435       11547       11906       12100       12192       12526

  Columns 85 through 91

       12592       12758       13106       13202       13355       13226       13720

  Columns 92 through 98

       13826       13572       13932       13791       13683       13874       14029

  Columns 99 through 105

       14071       13719       13859       13873       13955       13823       13801

  Columns 106 through 112

       13854       13578       13466       13188       13421       13102       12738

  Columns 113 through 119

       12724       12814       12474       12151       11846       11984       11460

  Columns 120 through 126

       11477       11354       11088       10660       10549       10135        9790

  Columns 127 through 133

        9403        9330        8882        8520        8253        7869        7693

  Columns 134 through 140

        7169        6901        6504        6394        5817        5703        5357

  Columns 141 through 147

        5019        4829        4529        4123        3889        3573        3314

  Columns 148 through 154

        3071        2836        2623        2377        2175        1983        1807

  Columns 155 through 161

        1645        1424        1261        1143         962         883         763

  Columns 162 through 168

         709         572         524         444         397         373         277

  Columns 169 through 175

         260         194         173         131         115         100          80

  Columns 176 through 182

          77          62          46          25          15          17           9

  Columns 183 through 189

          10          10           7           3           3           3           2

  Columns 190 through 196

           3           1           0           0           1           0           0

  Column 197

           1

hold
Current plot released
fplot(@(x)max(c)*exp(-x.^2/2-0.1*x.^4))
hold on
c= histcounts(x)

c =

  Columns 1 through 7

           1           0           0           1           0           3           1

  Columns 8 through 14

           1           2           3           6           4          11           6

  Columns 15 through 21

          16          13          14          22          25          34          37

  Columns 22 through 28

          48          67          70          92         116         141         164

  Columns 29 through 35

         189         249         265         340         371         463         538

  Columns 36 through 42

         594         724         818         927        1009        1171        1270

  Columns 43 through 49

        1441        1616        1757        2049        2093        2441        2727

  Columns 50 through 56

        2864        3021        3366        3637        3798        4130        4562

  Columns 57 through 63

        4671        4983        5437        5646        5924        6236        6687

  Columns 64 through 70

        6943        7278        7532        7819        8341        8524        8950

  Columns 71 through 77

        9175        9561        9726       10053       10336       10824       10898

  Columns 78 through 84

       11134       11435       11547       11906       12100       12192       12526

  Columns 85 through 91

       12592       12758       13106       13202       13355       13226       13720

  Columns 92 through 98

       13826       13572       13932       13791       13683       13874       14029

  Columns 99 through 105

       14071       13719       13859       13873       13955       13823       13801

  Columns 106 through 112

       13854       13578       13466       13188       13421       13102       12738

  Columns 113 through 119

       12724       12814       12474       12151       11846       11984       11460

  Columns 120 through 126

       11477       11354       11088       10660       10549       10135        9790

  Columns 127 through 133

        9403        9330        8882        8520        8253        7869        7693

  Columns 134 through 140

        7169        6901        6504        6394        5817        5703        5357

  Columns 141 through 147

        5019        4829        4529        4123        3889        3573        3314

  Columns 148 through 154

        3071        2836        2623        2377        2175        1983        1807

  Columns 155 through 161

        1645        1424        1261        1143         962         883         763

  Columns 162 through 168

         709         572         524         444         397         373         277

  Columns 169 through 175

         260         194         173         131         115         100          80

  Columns 176 through 182

          77          62          46          25          15          17           9

  Columns 183 through 189

          10          10           7           3           3           3           2

  Columns 190 through 196

           3           1           0           0           1           0           0

  Column 197

           1

histogram(x)
c= histcounts(x)

c =

  Columns 1 through 7

           1           0           0           1           0           3           1

  Columns 8 through 14

           1           2           3           6           4          11           6

  Columns 15 through 21

          16          13          14          22          25          34          37

