f=@(x)1./x-(x-1)

f =

  <a href="matlab:helpPopup function_handle" style="font-weight:bold">function_handle</a> with value:

    @(x)1./x-(x-1)

helpPopup function_handle
g=@acos

g =

  <a href="matlab:helpPopup function_handle" style="font-weight:bold">function_handle</a> with value:

    @acos

g(1)

ans =

     0

g(-1)

ans =

   3.141592653589793

f(3)

ans =

  -1.666666666666667

f(rand(10,1))

ans =

   1.412686313710105
   1.198214357381511
   8.747846408036560
   1.181463681471657
   1.949020335031701
  11.154621250532507
   4.312189018085759
   2.281668111533547
   1.086872131893313
   1.071500605639123

f=@(x)1/x-(x-1)

f =

  <a href="matlab:helpPopup function_handle" style="font-weight:bold">function_handle</a> with value:

    @(x)1/x-(x-1)

f(rand(10,1))

ans =

  Columns 1 through 6

   0.842386918322452   1.872685122463266   0.842386918322452   0.842386918322452   0.842386918322452   0.842386918322452
   0.029407218239384   1.059705422380199   0.029407218239384   0.029407218239384   0.029407218239384   0.029407218239384
   0.042833051757054   1.073131255897869   0.042833051757054   0.042833051757054   0.042833051757054   0.042833051757054
   0.514624351277159   1.544922555417974   0.514624351277159   0.514624351277159   0.514624351277159   0.514624351277159
   0.199719531111200   1.230017735252015   0.199719531111200   0.199719531111200   0.199719531111200   0.199719531111200
   0.858113661372785   1.888411865513599   0.858113661372785   0.858113661372785   0.858113661372785   0.858113661372785
   0.578238717373725   1.608536921514540   0.578238717373725   0.578238717373725   0.578238717373725   0.578238717373725
   0.084264474810933   1.114562678951748   0.084264474810933   0.084264474810933   0.084264474810933   0.084264474810933
   0.207792670440446   1.238090874581260   0.207792670440446   0.207792670440446   0.207792670440446   0.207792670440446
   0.040507573607097   1.070805777747912   0.040507573607097   0.040507573607097   0.040507573607097   0.040507573607097

  Columns 7 through 10

   0.842386918322452   0.842386918322452   0.842386918322452   0.842386918322452
   0.029407218239384   0.029407218239384   0.029407218239384   0.029407218239384
   0.042833051757054   0.042833051757054   0.042833051757054   0.042833051757054
   0.514624351277159   0.514624351277159   0.514624351277159   0.514624351277159
   0.199719531111200   0.199719531111200   0.199719531111200   0.199719531111200
   0.858113661372785   0.858113661372785   0.858113661372785   0.858113661372785
   0.578238717373725   0.578238717373725   0.578238717373725   0.578238717373725
   0.084264474810933   0.084264474810933   0.084264474810933   0.084264474810933
   0.207792670440446   0.207792670440446   0.207792670440446   0.207792670440446
   0.040507573607097   0.040507573607097   0.040507573607097   0.040507573607097

f=@(x)1./x-(x-1)

f =

  <a href="matlab:helpPopup function_handle" style="font-weight:bold">function_handle</a> with value:

    @(x)1./x-(x-1)

ezplot(f)
[Warning: MATLAB has disabled some advanced graphics rendering features by switching to software OpenGL. For more
information, click <a href="matlab:opengl('problems')">here</a>.] 
ezplot(f,[0 10])
ezplot(f,[0 2])
grid
fzero(f,1)

ans =

   1.618033988749895

hold
Current plot held
hold on
hold off
hold
Current plot held
plot([ans 0],'ro')
plot(ans, 0,'ro')
